

















排名 队员 位置 出场次数 MVP次数 总击杀(场均) 总助攻(场均) 总死亡(场均) KDA 场均金钱 场均补刀 场均插眼 场均排眼 场均参团率 场均对位经济差 伤害占比 经济占比
1 Hope ADC 14 2 165(5) 206(6.2) 60(1.8) 8 14467 299 16 11 68% 820 26% 24%
2 Light ADC 16 9 221(5.2) 222(5.2) 57(1.3) 8 14759 306 12 12 75% 954 28% 25%
3 Iwandy 辅助 3 0 5(0.6) 87(10.8) 18(2.2) 8 7454 37 54 12 74% 363 5% 12%
4 Photic ADC 16 10 223(5.5) 249(6.2) 74(1.8) 7 14950 291 16 15 70% 1283 28.9% 24%
5 SwordArt 辅助 1 0 2(0.6) 29(9.6) 6(2) 7 7429 30 51 7 70% -212 5% 12%
6 Scout 中单 16 11 143(3.8) 237(6.4) 67(1.8) 7 12753 261 12 6 72% 1020 25% 22%
7 Xiaohu 中单 15 10 155(4.3) 217(6) 63(1.7) 7 14011 287 15 10 69% 1794 28.9% 22%
8 Rookie 中单 16 10 169(4.2) 304(7.6) 83(2) 7 13187 260 10 9 70% 808 27% 21%
9 Viper ADC 16 7 168(4.5) 200(5.4) 65(1.7) 7 13751 287 18 12 70% 825 31% 24%
10 Doinb 中单 16 5 117(2.7) 329(7.8) 92(2.1) 7 12938 277 10 9 75% 480 26% 22%
11 Betty ADC 16 8 165(4.1) 235(5.8) 88(2.2) 7 13700 291 12 11 75% -847 28.9% 24%
12 Yagao 中单 16 6 124(3.2) 236(6.2) 73(1.9) 7 12848 264 10 8 60% 781 24% 21%
13 Care 中单 5 2 38(2.9) 98(7.5) 27(2) 6 11965 244 20 12 69% 262 21% 20%
14 knight 中单 16 5 157(3.8) 236(5.7) 69(1.6) 6 12970 281 10 8 69% 574 28.9% 22%
15 Kanavi 打野 16 10 156(4.1) 257(6.7) 109(2.8) 6 11588 187 11 13 69% 1258 17% 19%
16 Angel 中单 16 7 116(2.9) 210(5.3) 50(1.2) 6 12913 276 13 9 69% 701 25% 22%
17 Mark 辅助 11 1 16(0.5) 253(9) 56(2) 6 7336 41 48 12 67% 343 6% 13%
18 Clid 打野 11 3 77(2.5) 214(7.1) 68(2.2) 6 10524 164 14 14 75% 384 14% 18%
19 Karsa 打野 15 7 125(3.2) 293(7.7) 102(2.6) 6 11130 173 15 13 66% 438 12% 18%
20 FoFo 中单 16 8 139(3.1) 280(6.3) 76(1.7) 6 12970 273 14 7 66% -110 27% 21%
21 Jiejie 打野 16 4 80(2.1) 281(7.5) 77(2) 6 9965 154 12 13 69% 353 12% 17%
22 GALA ADC 15 2 157(4.3) 195(5.4) 64(1.7) 6 15118 323 11 14 65% 828 28% 24%
23 Doggo ADC 14 4 141(4) 190(5.4) 78(2.2) 6 14748 316 19 11 69% 1140 28.9% 24%
24 Forge 中单 12 3 86(2.8) 198(6.6) 77(2.5) 6 12660 267 13 8 67% -424 24% 22%
25 xiye 中单 7 6 66(3.6) 111(6.1) 37(2) 6 11885 234 11 7 77% 727 27% 22%
26 Tarzan 打野 16 6 94(2.2) 343(8.1) 118(2.8) 6 10183 157 14 10 74% -61 13% 17%
27 JackeyLove ADC 16 7 173(4.2) 229(5.5) 94(2.2) 6 13823 281 13 12 71% 485 28% 24%
28 Missing 辅助 16 3 28(0.7) 387(10.1) 115(3) 6 7684 35 53 10 69% 529 6% 13%
29 Strive 中单 16 5 109(2.8) 189(4.9) 68(1.7) 5 13159 294 13 7 67% -117 26% 22%
30 huanfeng ADC 16 6 156(4) 147(3.7) 63(1.6) 5 14725 331 13 11 64% 687 27% 25%
31 Wei 打野 15 3 84(2.3) 251(6.9) 87(2.4) 5 10653 163 16 14 62% 300 13% 17%
32 Elk ADC 16 7 213(5.1) 188(4.5) 111(2.7) 5 14519 305 13 13 74% -136 31% 25%
33 Tian 打野 12 4 71(2.3) 225(7.5) 86(2.8) 5 10041 161 14 11 68% 105 12% 17%
34 beishang 打野 10 0 54(2.1) 179(7.1) 69(2.7) 5 9734 152 10 12 69% -717 13% 17%
35 ppgod 辅助 16 1 38(0.9) 410(10.2) 106(2.6) 5 8069 47 45 8 66% 674 6% 13%
36 Lwx ADC 16 5 154(3.6) 214(5) 104(2.4) 5 13927 296 15 11 69% 417 27% 24%
37 Invincible 上单 1 0 5(1.6) 20(6.6) 8(2.6) 5 12231 274 10 8 53% 1898 23% 21%
38 Xiaohao 打野 16 1 118(2.9) 261(6.5) 113(2.8) 5 10513 169 12 12 71% -114 14% 18%
39 369 上单 16 5 105(2.7) 240(6.3) 105(2.7) 5 12422 244 9 7 57.9% 185 25% 21%
40 Cryin 中单 16 3 125(3) 235(5.7) 105(2.5) 5 12448 261 10 6 66% -377 28.9% 22%
41 Gori 中单 11 3 74(2.5) 150(5.1) 74(2.5) 5 12105 265 12 6 67% -970 25% 21%
42 Weiwei 打野 16 7 104(2.3) 315(7.1) 144(3.2) 5 10793 174 13 12 66% 48 12% 17%
43 Beichuan 打野 5 1 27(2.2) 75(6.2) 29(2.4) 5 10448 180 11 12 71% 218 13% 18%
44 XLB 打野 1 0 7(3.5) 18(9) 5(2.5) 5 10640 142 9 9 65% 2352 14% 18%
45 Creme 中单 15 7 125(3.2) 193(5) 101(2.6) 5 12172 252 12 7 64% -443 28.9% 22%
46 Wayward 上单 11 5 87(3.1) 133(4.7) 52(1.8) 5 12668 261 11 4 55% 1224 24% 22%
47 Meiko 辅助 16 0 25(0.6) 325(8.7) 112(3) 5 7375 31 48 10 67% 484 6% 13%
48 SofM 打野 16 4 105(2.6) 193(4.9) 92(2.3) 4 10494 173 17 14 63% 126 12% 18%
49 Zoom 上单 5 1 25(1.9) 61(4.6) 29(2.2) 4 12854 280 12 7 52% 21 17% 21%
50 AKi 打野 15 4 100(2.6) 228(6) 101(2.6) 4 10603 174 12 10 66% 238 13% 19%
51 Xiaoxiang 上单 5 0 40(3.3) 70(5.8) 30(2.5) 4 10870 217 9 5 56.9% 230 22% 20%
52 Xing ADC 10 0 71(2.9) 108(4.5) 51(2.1) 4 12820 285 14 11 66% -819 28% 24%
53 Uzi ADC 4 0 46(5.1) 70(7.7) 26(2.8) 4 16247 359 14 15 73% -709 28.9% 25%
54 Bin 上单 15 4 117(3.2) 148(4.1) 88(2.4) 4 13569 282 13 5 49% 747 21% 22%
55 Flandre 上单 11 1 65(2.6) 118(4.7) 58(2.3) 4 13161 280 8 7 55% 802 24% 22%
56 Maple 中单 4 1 29(2.9) 48(4.8) 19(1.9) 4 11929 264 13 7 70% -1245 27% 22%
57 Yuekai 中单 14 3 95(2.8) 184(5.5) 84(2.5) 4 12098 255 14 8 67% -575 25% 22%
58 Stay ADC 6 0 49(3) 86(5.3) 45(2.8) 4 12411 267 13 8 73% -2468 28% 23%
59 UCAL 中单 10 4 73(2.8) 90(3.4) 46(1.7) 4 11745 256 10 6 60% -305 27% 22%
60 Ming 辅助 15 4 23(0.6) 320(8.8) 114(3.1) 4 7782 33 56 10 63% 422 7% 12%
61 Able ADC 15 3 158(4.1) 160(4.2) 102(2.6) 4 13432 275 20 15 64% -301 25% 24%
62 Eric ADC 16 4 144(3.4) 171(4) 111(2.6) 4 13136 284 16 13 62% -1187 30% 24%
63 ShiauC 辅助 16 2 28(0.6) 349(8.5) 165(4) 4 7414 34 56 11 70% -294 6% 13%
64 Rich 上单 15 1 102(2.7) 196(5.2) 89(2.4) 4 13125 266 9 9 47% 1060 24% 21%
65 Crisp 辅助 16 3 38(0.8) 394(8.9) 131(2.9) 4 7859 35 57 10 68% 204 6% 13%
66 LvMao 辅助 13 1 31(0.9) 271(7.9) 107(3.1) 4 7331 30 52 9 65% 61 6% 12%
67 Breathe 上单 16 3 164(3.7) 196(4.4) 113(2.5) 4 13658 280 11 8 56% 492 24% 22%
68 Zhuo 辅助 5 0 6(0.4) 111(8.5) 45(3.4) 4 7689 37 60 14 71% -393 7% 12%
69 Xiaopeng 打野 4 1 29(2.6) 70(6.3) 40(3.6) 4 11013 177 14 17 73% 568 14% 18%
70 Hang 辅助 16 4 21(0.5) 362(8.6) 144(3.4) 4 7319 37 49 10 72% -62 7% 12%
71 Ale 上单 16 4 119(2.8) 183(4.3) 114(2.7) 4 12722 267 11 6 51% 534 24% 21%
72 Shanks 中单 9 1 55(2.5) 114(5.1) 54(2.4) 4 12123 269 11 8 76% -276 26% 23%
73 iBoy ADC 16 3 114(3) 161(4.2) 99(2.6) 4 13786 306 10 14 62% -650 25% 23%
74 Puff ADC 16 4 128(3.2) 138(3.4) 105(2.6) 4 13163 292 12 12 66% -582 30% 25%
75 Biubiu 上单 16 5 96(2.4) 178(4.4) 113(2.8) 4 11361 233 11 6 60% -877 23% 21%
76 Ahn ADC 5 0 46(3.8) 51(4.2) 37(3) 4 13308 282 12 12 57.9% -1077 26% 22%
77 ON 辅助 15 1 20(0.5) 254(7) 121(3.3) 3 7441 38 61 13 64% 39 7% 12%
78 YeG 中单 7 0 55(3.2) 99(5.8) 51(3) 3 12569 257 12 6 65% -1346 22% 21%
79 Cube 上单 16 8 107(2.8) 142(3.7) 98(2.5) 3 13268 278 14 6 56% 972 25% 22%
80 COLD 辅助 15 2 27(0.7) 286(7.5) 138(3.6) 3 7209 31 50 7 63% -79 6% 13%
81 Southwind 辅助 16 1 22(0.5) 244(6.1) 101(2.5) 3 7066 42 50 9 66% -292 7% 13%
82 shanji 上单 15 3 80(2.1) 221(5.8) 123(3.2) 3 11604 233 10 4 61% -347 24% 21%
83 xiaolaohu 上单 16 3 138(3.2) 161(3.8) 116(2.7) 3 13198 278 9 7 56% 756 26% 23%
84 Leyan 打野 16 4 79(2) 210(5.5) 109(2.8) 3 10986 197 13 17 65% 401 15% 18%
85 Wink ADC 7 3 66(3.6) 81(4.5) 58(3.2) 3 13132 275 14 13 63% -1369 28% 23%
86 Xun 打野 16 4 102(2.6) 224(5.8) 116(3) 3 10745 185 13 8 68% -129 15% 19%
87 yuyanjia 辅助 13 0 25(0.8) 201(6.7) 88(2.9) 3 7144 30 50 8 66% -281 6% 12%
88 zs 上单 10 1 47(1.9) 107(4.4) 64(2.6) 3 11190 236 12 4 51% -1212 21% 20%
89 shad0w 打野 15 5 108(2.7) 224(5.6) 142(3.5) 3 10191 167 14 11 67% -416 16% 19%
90 fearness 上单 15 2 97(2.5) 189(4.9) 120(3.1) 3 11578 238 9 5 60% -849 22% 21%
91 Aliez 上单 8 1 48(2.8) 76(4.4) 53(3.1) 3 11927 244 10 6 51% -2206 20% 20%
92 Lucas 辅助 15 0 25(0.6) 274(7.6) 117(3.2) 3 7280 39 58 11 64% -397 6% 13%
93 Kedaya 辅助 16 1 26(0.6) 296(7.4) 127(3.1) 3 6989 35 50 11 71% -421 6% 13%
94 Jinjiao 辅助 16 0 30(0.7) 285(6.7) 166(3.9) 3 7137 37 40 9 62% -447 8% 13%
95 Jay 中单 10 2 66(2.6) 105(4.2) 69(2.7) 3 10577 227 9 6 62% -2183 22% 20%
96 H4cker 打野 16 1 77(1.8) 276(6.7) 147(3.5) 3 10023 163 12 11 65% -633 12% 17%
97 Zdz 上单 16 0 99(2.4) 174(4.3) 119(2.9) 3 12227 262 11 6 51% -1443 23% 21%
98 Zika 上单 12 3 90(3) 146(4.8) 89(2.9) 3 12784 261 8 7 56.9% 838 24% 22%
99 Captain 中单 6 0 30(2.1) 47(3.3) 32(2.2) 3 11025 244 15 8 59% -2647 23% 21%
100 QiuQiu 辅助 16 1 31(0.7) 312(7.8) 161(4) 3 7293 32 51 9 64% -249 7% 12%
101 TheShy 上单 16 5 72(1.8) 183(4.6) 124(3.1) 3 12381 260 9 5 54% -90 27% 21%
102 New 上单 16 1 77(1.9) 138(3.4) 108(2.7) 3 11295 240 12 4 54% -1179 23% 21%
103 Zorah 辅助 3 0 6(0.7) 65(8.1) 38(4.7) 2 8024 35 62 11 70% -53 7% 12%
104 neny 上单 4 0 10(1.2) 31(3.8) 17(2.1) 2 11262 253 11 9 64% -1467 26% 21%
105 View 打野 7 1 34(2.2) 51(3.4) 48(3.2) 2 9342 152 11 9 72% -1395 17% 19%
106 Chieftain 打野 10 1 41(1.7) 110(4.5) 83(3.4) 2 9130 147 13 11 65% -1329 12% 17%
107 xiaoyueji ADC 4 0 28(3.5) 20(2.5) 31(3.8) 2 12358 273 13 10 61% -1876 24% 23%
108 Mole 中单 2 0 13(2.6) 31(6.2) 20(4) 2 12536 258 17 12 69% -1895 26% 19%
109 Lpc ADC 2 0 15(3) 20(4) 16(3.2) 2 12025 259 13 3 68% -3199 25% 22%
110 frigid 打野 7 0 27(1.6) 69(4.3) 59(3.6) 2 8956 146 12 10 56.9% -1251 12% 17%
111 Ke 辅助 1 0 2(1) 6(3) 5(2.5) 1 6690 21 46 10 72% -629 5% 13%
112 Kui 打野 1 0 3(1.5) 3(1.5) 9(4.5) 1 9436 145 12 12 42% -1300 12% 18%
113 Garvey 上单 3 0 3(0.7) 11(2.7) 12(3) 1 11892 261 14 8 42% -1727 24% 22%

