排名
战队
出场次数
胜/负
胜率
总击杀(场均)
总死亡(场均)
场均插眼
场均排眼
场均金钱
场均大龙
场均小龙
1 V5 16 14/2 87% 669(16.7) 467(11.6) 96 55 60372 0.8 2.6
2 RNG 15 11/4 73% 536(14.8) 416(11.5) 113 54 61135 0.8 2.6
3 TES 16 11/5 68% 564(13.7) 471(11.4) 102 52 57272 0.6 2.4
4 WBG 16 11/5 68% 471(12) 456(11.6) 115 53 57955 0.6 1.9
5 JDG 16 11/5 68% 593(15.6) 478(12.5) 100 51 58689 0.7 2.7
6 LNG 15 10/5 66% 526(13.4) 473(12.1) 101 48 57754 0.6 2.1
7 EDG 16 10/6 62% 521(14) 409(11) 101 49 56263 0.7 2.3
8 BLG 16 9/7 56% 632(14.3) 568(12.9) 115 51 60337 0.7 2.3
9 RA 16 8/8 50% 440(11.5) 500(13.1) 104 54 58530 0.6 2.6
10 FPX 16 8/8 50% 529(12.5) 562(13.3) 101 52 57009 0.6 2.3
11 OMG 14 6/8 42% 457(13) 499(14.2) 105 45 55012 0.8 2
12 UP 16 5/11 31% 538(13.1) 645(15.7) 104 47 55901 0.5 1.8
13 AL 16 5/11 31% 528(13.2) 577(14.4) 101 47 56211 0.6 2.1
14 IG 16 5/11 31% 477(12.5) 574(15.1) 108 49 55641 0.6 2.3
15 WE 16 4/12 25% 451(11.2) 544(13.6) 97 47 52611 0.5 1.8
16 TT 16 3/13 18% 398(9.9) 534(13.3) 100 45 52078 0.4 1.7
17 LGD 16 3/13 18% 506(12) 680(16.1) 92 46 53421 0.4 1.7


